“ , ’ ¹ (3333313313133ῑ ⁸
31331333111133163311 33133131
0333333331 133333 Dela·
33333313363133333311333(
3133313, (3333133333311113131

§Wh- 111 11 1133331333311 gesS (1333333

omas ,3

33333311 1131113313 3313 3333333131
1111111 em· (31333133331(333,33333131>13

11111111111131133131331311311133333113113

1331333333
13333 33 (133 313333333133133313133

1111111333 1333133313 (33 (1133333133
dolas · ’33333333333131333331333
ra on con 3113313133333311

‘ 33 33333335331133333333
113113 33333333133133313
33311313331313333133333
133331331333331133333331

1 3133311133, (333 3331131331

  (313333133333333333313
333333 ,3333331131331133

31

 

