Capitale mnam .,
110 [1111111010 Al 1 0111101101Ξο
1011110[1001001[11,01 11101110
0101111101,001[0111[0[01010100
[10111111 1111011111 110 111111 1111
[1,0,[1 0110110111 ,11101101 0111010

,1011101100 clgueffoqucs equ
b ([[11011111011101101 0110100110 1
, 0110110111 100[111[[1011100
10 00110001111001011101101
‘ 01111111011111001011101101111
011111 [11011111101111010110
lade‘al ila-ga, 01[1 [10111010 esse

, 111001 1110 alinst1 sumente 00110
, 11111110110110111100011110Ξ,
[101 dad 0[001111[11[ del hueffo
[00010111100011110111111111000

’ 11011110 [011110[1.[[101 Α[1101110

’ ;10[0,10010[1[1101111100111οο[

’κ 1001111100 11101111,01[111111[

mo

 

