[apim 1111111111

[11111113 31313313133131
1311311313 1331311313
1133131 13333131 313113
3111311133 33 313 anuloque,

ΜΞ, 3311133 3111111333 Tib· 3111113131
,3,,11111111 3133313331133131133113111
1111111 113 1333131331311113331131111 1

<⁶³22 ff ,Μ 5250 33131131 1111131 11310

111111111113301111111111111111111]1131 33
1111 111113 313 suc-555 311131 1133111131 13. 1
mh losdemasmoembros,yc⁰551

11333111311113331131 11311111
13313113 131 11311131 1331113331

-· 1 31131 11131131 1311131113 331131
· 1311111311 131333131333331
1133333333 33113311 31331
11333313 3111 ,331113 1113113313

pa 31. 3113333113 3131, 1113111), ,
3113111 311313113133313131

dese

 

